180
112
123
120
101
85
99
149
90
79
141
61
901
185
209
778
417
483
301
1533
1318
1210
320
461
5103
954
707
1187
1358
37
1683
945
1194
1766
1342
127
518
638
993
1146
750
131
116
65
1106
0
59
33
117
323
232
163
120
171
184
474
0
111
209
234
0
147
256
83
98
125
195
214
2
49
111
626
110
108
116
0
0
0
0
223
84
70
127
136
217
77
115
123
2688
8
47
650
391
344
252
154
484
371
246
2373
100
255
723
424
441
255
666
363
331
823
113
805
1006
248
30
299
107
245
306
30
167
138
144
79
33
160
60
89
0
843
6470
0
1147
0
458
809
667
1243
8
1219
503
575
0
0
0
0
0
3947
9
2031
0
18
0
0
0
43
0
0
14
35
32
24
0
0
0
34
28
16
5
19
0
73
569
1122
1983
9
566
2055
117
653
186
277
643
483
258
631
807
154
449
1126
532
436
205
6111
